317386525925
297239851044
314003812902
316835221984
297312604446
315368244417
315978285726
314648447273
316493753018
298100637247
318183093208
297296697558
298169239606
317289248327
297693243203
316949682304
313429057041
296029187110
297583102102
317212698921
316976276235
318128407505
297113711463
297003939936
297928052792
294894187997
316235668860
315570473856
317962162686
297226359140
317975663146
317872538884
295079538961
298110285770
317952935842
297288890733
316697385606
317872539105
313974202022
316697374005
316027295113
297705724418
297289322516
317554326247
297881695778
315280617568
316777162617
317016626265
298091164877
297059563415
316268749613
295372405247
296010671063
318155387775
317043658423
317046792900
314023032198
295812703534
317267035274
295921358520
298149575006
317558693983
317516672736
318002452572
317084843444
295775806661
316525822562
317939097110
317962164764
318062280420
316965086925
316632209879
318119303986
314270289404
317105426898
298068171061
295775806756
296690541493
294034120953
318155387751
297148095591
297422617169
318062280257
297688534474
317963741559
318087459025
317906880566
313845971284
317962142029
297745320713
298121923079
317747779469
314950236108
315594705194
318089921127
298200520073
317651791326
297003940459
297540592146
297542097744
315769594076
298061723158
298123979840
296356171079
298169239341
297349373917
317676999860
298148159617
295984757016
312786542987
296036164051
297810582524
295182995454
314808931355
317435852038
317278637165
297738059995
297526383612
315884281932
316709172329
298155873351
298052636728
313817412147
294964482610
317034782157
317183561963
317024423211
295929201880
298028508771
298097537190
313888004013
298026228288
297717853944
298125905783
297890423836
317973398169
318087468903
297530777492
317531035879
297627844133
317677000014
314550112627
297578721283
298243681690
298097536886
295276347285
297874499303
317597883838
314694542871
298201952844
316894458175
317952935685
317872429835
314515666104
298088008590
296633816047
317656851665
317523535598
317966881389
295440600919
317523535600
318231440804
317962163203
293641142690
295666750965
297593507020
318002451488
297918142907
317997483364
297923520384
297800381275
298026247381
296859560938
316835207926
317191995677
318028533103
297703241922
317539358212
298232124137
297928050530
297289322492
293114838591
317794843692
318028533650
318159853755
297404819724
295837934439
317872521878
318182621214
298180500196
318044947312
298121923160
317918511604
297887475663
297785949589
313631909970
317651047664
313936493804
313908609701
297244357080
295548537102
298291327623
298043473918
318110684678
298118196000
298152626878
317981695366
318023200466
298118195927
314850796224
298082787011
298159158819
318085075640
314023032338
317057591568
297871499352
317943945836
298026210728
317196731320
318102082057
317890647089
297422617218
317453668571
298238687624
298302279590
298145109418
318023200907
298088008760
298118196099
314743484730
298189168551
317962163873
316959793170
312574486239
298107044803
295617357954
318017802557
297970624298
298210211777
315816485844
297289283087
317980275303
317997482729
317388974908
298380594225
317872489707
317985135815
318123721026
318139245367
298096044770
313479967709
317516667583
318099590277
318115084599
297282197842
298380594224
298028508678
317535248772
293250899610
298052636965
317535236679
318293516183
318102063450
298297041153
295595947686
317051347543
298240392776
317872409759
297584695833
317987745879
317910777944
317902710797
317589190668
291519737647
317422896055
298040631784
317918511933
297324983911
317630611601
295921358524
298166089403
295901449385
295808104938
317605726399
297947984140
298088020396
317952936146
318023200346
298309508632
298068186537
317793456321
317872374965
318020570741
298094326544
317952900981
297743013149
298272599325
297878763533
295237813710
298223591345
318092326191
297724266925
317966881093
317918512056
295927061133
298211828477
316840096750
297724267318
318403500924
295947641740
298026210211
318057315808
297937176024
312301595605
295817932547
317054434442
317980274767
297922482170
298094312222
318104294475
298380594171
318146218162
317902749032
296050444205
318121537729
315806835565
318028533759
298097537164
314752734572
317922766982
298131244248
298091164758
298031619989
318176749722
298081039800
318134974083
318241997947
298189168476
298332178952
298040631664
317982693648
298064998387
317782326285
296579207573
318146218243
317183561856
317985135998
317535236855
317993141090
317926700642
298243681681
317971038745
318080392619
297587734975
318293515766
317975663157
317501580354
298205202932
317962141657
297502378393
298132832796
298120237324
317890647267
298100648512
298152626761
317926697974
298068171122
298175640952
297807236172
298233783046
298250589201
317963742160
317363548488
298102329013
317901453064
317872530823
317544517689
316959793210
297915036098
298162634900
317652891302
317171902075
317971050118
318199650212
318017801802
317546274357
297893304964
298034552463
298097537062
298230595331
298166089169
298206927607
297785949071
318204753368
298026285832
317872373379
298166089196
314784600438
298093368593
298103821223
317527136353
298169239125
317952901385
317872530462
318012665592
317755492771
317966881626
298151178837
297783758964
298113997133
298155889788
297486059417
318398893942
298277380939
318340455665
297553908904
318092326106
318010096490
318012665194
318012665438
298110285945
298358377351
298166089265
318220514340
317678775601
296988997294
318012665383
317926651943
318371557975
317539357989
318052263222
298264447827
298155873467
318179335693
298378664192
298031619917
298312618137
318092331937
317977977252
293963285460
298055644836
318033487963
318099590108
295094672968
318126016558
317607689341
317173579318
298240392755
317966881269
318115084657
298155873247
298240399340
318403501045
298043474197
298139906216
317628833840
317509417653
298190598241
298026270789
318164611593
318112950082
298247188144
317872530903
317652891262
298132832833
298263006243
297715480860
317778496228
298210211778
317296401414
295912166885
298380594143
318028533579
298155872997
318388739186
317755492647
298380594214
317914640676
298380594129
298026309197
298274216779
315669781069
318350745269
298175640856
298175640950
298241933548
298269447223
298190960209
316524112133
317914641735
317124646609
317971038899
295864262645
297880339457
298380594019
298197373169
298250589218
296587594371
297923520235
318137170185
296514815739
317943946283
318159864904
298149575098
298084380273
317897426682
316131097226
318212133829
317400397498
297638735026
318059809466
297282197633
298185564303
298358377036
318236805015
298094326521
317980275948
298134710455
318047176852
298077541130
298377537757
298097537052
297828904325
297113711616
318102082157
317997482995
298143449463
298048585327
298100637735
298136420318
317957294206
297869976731
298278817629
298218175683
297289295873
317902690249
317804374544
295712133190
298356865064
297936203732
318047177272
317520046983
318069434829
298370885045
297921115904
298113997422
318353133097
318052275637
317973398302
298037531050
318174126525
312286273658
317757897271
317879451758
318186719181
318097109864
298112138981
297886136530
317675126081
298247188127
317971051199
318231441036
298029837412
298315591071
298178818665
298100648318
318106576969
298169238743
317930486952
317962141829
297610308639
297592310186
318366149926
298380593931
318121538263
298094313458
317943945886
318082699035
318071573510
318071573868
297940276340
317975662773
318104294401
298230594681
298192551280
317550138510
298105447523
297735429477
317164282666
298219901114
298299800062
298297040951
298370909023
298159158900
318130638843
298240392785
298100637635
297911998213
318403500603
317250412804
317934847639
298026309012
318386473562
298187051534
298091164766
318115084959
298026228305
317971051271
317934859139
297964244687
298380594243
318146218023
298105446878
318171664821
298218175666
318012665381
298154328958
318089921237
318137170217
318340455660
297818503475
318115084832
298286774152
314602652771
298203606714
317778496006
318128408150
297740617265
297788946102
318075930430
318117079546
318376726888
317875336106
317755492951
318062280217
317990996698
318071573512
318228744019
318223310923
317883040133
317607689303
317531035699
298237163623
298139906114
298100648476
298100637646
317887682854
297961142644
318038059216
318293438228
298363252121
297488483422
317890686246
317872478378
297471048645
318052275195
317523535582
318134974278
318064797349
318094755444
298312585445
298125905533
298094312617
297893305550
318293453748
318393733779
298107044982
298026309198
297850418532
318130638545
295692004042
317994442901
298370884956
298031619998
318059809410
314730347583
317167305095
318031042142
317930486739
318104294869
314737458918
297416483873
298350293417
317656851977
292770750999
297299976699
298088008419
317484257086
314675534981
294358096443
316493752853
297255565664
298069869677
297538377333
298037531245
317077258628
318094755066
297928050383
317980275196
316735686464
295823347888
298110285856
298312554842
298081039811
298312594030
298213624274
314090182074
298146522880
318215367730
314636542964
298097536941
317968945309
295856673858
298356845077
318388745007
318052262706
318078129250
317964823293
318017801946
318062280273
297641148470
298026228626
298215028852
298207453840
318267491839
298180500486
298182098404
298166089241
318110684662
297755555295
298185564402
298068187680
298073059997
298110285807
298240392711
318241998098
317804374571
298129352510
295901449303
298107045019
298141741796
298247188126
297837969293
298100648347
317509417743
297290661633
297800381391
318371557589
318080392585
317573037272
317516667539
297419294049
298132850033
298187459993
318126016686
296289623293
318117079541
298252170564
298210211893
298241933558
297747761463
318403501014
297601315549
298100648277
318064797113
298139906273
298380594097
317770318289
317952936248
318398941089
297745329521
298026270437
317664401951
297244357342
318080393112
318071573814
318141490250
317985136192
298143449888
298318661540
297521863075
298096044929
298374127337
318403501105
298038860127
317489895260
318210464455
298026325988
298074398218
318012665204
298100648502
317966881378
298037530900
298380594204
298213624530
318044947523
317612028845
317713619645
317784856508
318020570613
318042575405
297735450519
295850184522
298187460059
298180500100
318148554759
318057316132
318169274735
318236804896
298134710920
318102064461
317652891822
317683875523
317086189907
318403500856
316820911306
297893305549
297788957488
297243861735
298159158914
317875320073
298314032695
298285190315
318106576564
318366150996
298105107104
318162295088
318104294155
317960522460
318270201106
316277618800
297471048723
296702292727
317654730671
315768451057
317985135977
312301308024
316793962740
297419293976
298380594077
314666265914
298223591295
298195718256
318000044281
297537194301
295928741949
297289283107
317151371411
317906880758
317997483020
295940770553
317198159344
317628833997
317879451302
317040956079
318057315922
297601315335
313458365552
294795476676
298107044967
315105405117
318112950098
298088021060
318033487413
298169239167
318398894283
318164611536
314728710015
297522972684
318340455651
318366159014
298026270406
318270200744
318097109820
298125905506
298094312211
297828904521
318403500970
317987745916
298380594106
298257256997
298312590196
298219901154
317632462732
298100648464
298197373244
297695605816
318169274897
318231440755
317985135894
298157664420
318047177564
318279476905
318089921603
298108693414
298125905932
297911998071
318133002678
318398894336
318174126434
298169239405
318326580884
318028533198
314839852247
318102082347
298377538149
298363252130
317934847920
298348621411
317930487014
317576440341
318031041869
297635364140
318186719106
318002451736
298100637146
317962141801
298178818766
298233783024
298162634919
318155387965
298081031334
298228945154
317962163187
318141490286
298043473977
298159158980
318326580795
317141648652
318141490261
297742230344
318139246090
318384064322
297758237686
318309490096
298194292324
317997482885
317968945126
317657851401
298162635693
318062280535
298312577468
318015180113
297763496258
297324984207
318002465467
318115084742
317975662474
318366141496
298094326820
298107044829
298162634939
317962141519
318038133506
318132988562
318023200322
318075930287
318133002655
317952936640
298068157974
298100648462
317886792471
298102328914
318119303868
294877091121
298370908950
298097536984
297840332929
297961142512
318169274977
318334889543
318064797319
298318660562
318020570511
318207054760
298100648569
298237163387
298377562169
297517324343
298026326981
298076061554
298203606856
317971051394
318123720952
317962142330
298155873331
298370884953
318121538273
317971051240
298151177965
318298603556
298026339416
298263006227
298302279389
318071573630
298213624385
314542190953
298143449653
295916438160
298094312289
297386812238
317952904147
298175641043
318293393582
298112139188
298192551317
317902749524
318169274771
317971039408
318078129832
318132988385
318340455557
317167304586
298247188195
298097537044
298081039186
317977334877
318040373035
298100648267
317962142287
316777754380
317966881550
317971039318
297407915746
316342934860
317959724582
298189168416
318304158152
318094755263
318130637630
318398894200
318155388054
298243681694
298097536937
298232124199
298049492940
298283547543
298370884860
298360076110
317694734259
317872370956
317977976526
298198846781
298026275578
298245345134
318023200661
298097537194
317691242707
298180500183
298094312198
317962164095
318293393872
298136419857
318028579658
317539325769
298132849488
297521892683
318191931703
318044947255
317607689191
298132848957
318108606498
318274930068
297538371070
315932149268
318007554728
298107044806
318350745374
318164617843
297886136752
298380594221
298103821224
298208519872
298139905932
318023200222
318324120927
318023200528
298038249386
317971050865
318215367905
298110285954
317531035790
317759121321
318062280195
318393734103
298138325994
298208519687
295270125828
318119297705
318169275053
318119297807
298245345039
298026309016
313417690467
317994443076
298031620397
298094312099
297747775707
298211828705
298127766122
298247188308
317752876101
318030509823
298026242429
318293453643
298297041006
318089921054
318042575178
318042575601
316849963725
317971038949
298329105868
318164618009
298097537108
298240392690
318374166861
318293444963
318047176767
298097537011
318062280302
297810094130
318054804533
298312594663
318326580755
317971039411
298228945172
298363251501
316820951290
317971038522
298225228820
317872530824
317977335888
318139245761
318040373158
317752876315
298026270826
297854878507
318137170227
318087460229
297743004789
298203606706
298260242593
318062280450
317985136159
298037530911
298096044892
298121922923
317300933421
317501577348
318119304173
298113998844
298118196069
317939096958
318210464507
298118196132
298141742371
298185564478
298247188290
297530764368
318223311064
317943924225
298285190289
318350745663
317694734236
318148554549
298264447726
298096044849
298290364291
298318658797
318106576908
318071573813
298121923116
298099238692
318015180475
298141298471
318388745074
298187460186
298363251987
318112950077
318002452232
298097537019
317675125924
318159865151
318028534314
298136420183
318374166637
298257257161
318293516050
318047176811
298100648296
298169239198
317183561803
298103821222
318276921401
297861181663
317971051003
318038059293
298094312301
317879450778
298247188235
298258712859
298228945273
298026228529
298139905864
298380594000
318020570783
298377537748
298230595467
317977976194
318236804967
318157702527
317997482860
318155388104
298356864935
298100648336
317755493100
317520046910
298197373572
298100648250
318062280464
297924632400
318104279628
318020570655
317902709958
318002451504
317872522261
318189217132
298248794607
297831574525
297550481868
298097536919
318393734203
298312621356
317883039755
318042575741
298028508659
298088020976
318355654062
297478835790
318179336095
297844329383
298380593997
298348621338
298213623923
298255760410
317151344726
317744227526
297309863485
318366159609
318293444717
298091164695
298294228721
298304783321
312226111061
318012665493
318110684741
298307862764
298320193070
297613463338
298102328859
298096044778
317962164663
318189217083
298380593944
298094312229
298294228682
317985135785
318097109639
318215368185
298198847060
318279476699
298118195846
317906880958
298263006455
317563336774
298281945901
317971050060
318353133504
318252740500
298233783044
298291327593
318181663011
317872521870
318057316384
318293509764
318166859710
298162634886
298223591383
318042575446
298149575050
317391327427
318236804906
318000043493
297668179881
318130637918
317962162779
298230594981
298118195772
318040373324
298321813152
317480209212
298110285800
318150973110
317906888028
298249800209
298227431137
318293516329
318005140417
318169274821
298216679697
318002452507
317985136139
298187460123
318033487300
298380594079
317971051162
298345521067
297608089163
298084380291
318184278489
298081039809
298312621361
318304157604
298198846677
317960522152
318033487968
298121923216
318366201908
317962141845
318298603878
298370908966
298169238711
318174126435
317902710536
298225228052
318012665378
317977976790
297556289838
298367822854
298367822719
298237163300
298356844809
298097537075
298151177967
298339711221
317977976647
298238687683
298257257293
298094326279
298269447592
298166089133
317966881329
298139906017
317966881884
298221440653
317962163569
297911997991
317501548398
318366201184
318388739285
298121923102
318293444673
318133002591
318293388338
298094326186
298094313114
298120237519
318159864940
317872370444
317906888055
318033488085
317990996569
298380593778
317516672749
318164617611
317902710785
318199650314
318092326236
298320193351
317589190681
318403500446
298312590365
298205202905
317985136081
298198847617
298129352482
298091164926
298145108896
318062280427
317922766811
318128407795
298367822804
298094326705
298143449797
318102063592
318374166805
298121922920
298237163498
298121922997
298166089342
298370884910
318132988500
298288368479
298211828547
298113998857
298203606722
298121923270
298260242752
298255760363
318388739346
318123720822
298026212090
317971051264
298377537787
298187460152
298367822731
298094312435
317616363491
298127766798
317994443437
318025864430
318293486920
298281945915
298123424680
298026270802
318204753408
298358377346
298361532589
297641148420
298312617702
318250779440
318094755278
298380593869
318326588041
298237163452
318067113699
318228743870
298255760391
318384063666
298040631885
298152626932
317982692412
298103821046
298294228661
298146522947
317926699512
318137170243
298288368361
318002452774
298370884918
298206928985
318403500657
318099590337
318099589993
317720325673
318110684413
297745329430
298228951603
317975663251
298132849883
318403500908
298169227804
297752819113
317770319108
318290490701
298215028522
298250560216
295914966892
298071367053
297553908980
318023200146
298113998041
318033486972
297844329388
298203606944
298230595230
317971050039
317985135750
298380594160
318293515854
298312548512
298374127179
298149574981
317804374880
298367822911
298049492268
318388738934
298382280931
317910778400
317750650800
318334876638
298250589265
298155873111
297735429513
298345520979
298197373235
318379248515
317962162752
298367822925
318309490118
298103821336
318104294698
318012665276
298215029494
297940276460
298315590936
318137170280
298146522970
318326580722
297745329770
298201953649
298110285897
298094326687
318082683405
297896371495
318293388071
318376726913
318132988513
298360076117
318119303909
298141742068
298356865346
318241997173
318115084944
318028533355
318403500651
318002452190
298267586402
317971051465
318035895212
298356844897
298254030730
298100648549
298216679627
298245345026
318174126351
317975663237
318017802028
298207454628
318379240068
318366159042
318092325886
318067113205
317990996364
298118195835
318141490265
318366201300
318366149890
297551663523
317997483154
318010096585
318366159064
317231284305
298131244223
317964822945
298332178763
298136420104
318366158997
297886136040
317962141391
318057315647
297740617111
317926653327
298330636713
298088020657
298380593903
318363230190
298260242572
318337649481
298330636826
298370884923
298100637244
298155873419
298097537095
298190960190
318052262624
318148554132
318108607054
298312594714
298125905810
318252740796
318119304156
318047177576
317973397966
317982692639
318062280117
297521889011
318069434677
297911998010
298102329041
318366159664
317968945187
318078129737
298146522940
298134710357
317749288253
318069434956
317966881043
298094312142
298096044803
318293493828
318075931352
318403500870
298350293537
298148159670
318042575459
317971051280
298312548504
318371546990
298232124187
318078129312
318293487815
298356864914
298132850110
298100648302
298200520205
298118196116
298318661462
317966881540
318126016144
316791593773
318094755132
318141490154
298152626936
318403500910
318137170234
298091164598
318139245687
318331948655
318226076020
318189217265
317883055182
298318659948
318384064175
317647100977
318279476749
318112949746
298116355001
298130080106
298110285774
298363251577
318293516325
298064048011
297558532590
318403501063
298103821276
298169238707
298363252110
298264447719
318064797484
318104294632
318052262725
318388739036
318137170345
298034537939
298380594029
318236804777
318139245568
318012665352
318340455467
298216679598
297521854671
298094312644
318164611372
318038059203
298084380310
297626780532
298096044735
298190960171
298113998096
318040373271
298146523125
318101480760
318293444738
298218175455
298380593961
297599051858
318052262814
318085076156
317580552842
298241933495
298174074796
298049492188
298380593826
298123424840
317993140242
298377537810
317744227555
318150965441
298190960205
318293510147
298151178477
298344080786
317997483141
317750650920
318148554680
318094755860
298146523012
298155873680
318137170294
317971051210
317943924316
298216679817
298339711144
298198846912
318293509961
298121923170
298177303806
298096044941
318137170208
298249800524
298380593988
298312576707
318106576805
318189217235
318181662887
318028533428
318357979279
318038059335
318049695776
317966881681
298100648226
318082698111
318293388278
298358377695
298318661767
318132988643
317982692891
318054804844
318388739035
318293492432
298155888819
318117079608
318087469158
318126016551
298360076162
298094312278
297530767694
298190960268
298174022175
297841256736
298312590437
298230594910
318108606697
298380594182
298200520109
298102328792
318293445060
298312621673
298178818689
318017802299
317964823320
318031040912
317987746209
318403500605
318023200371
298149575074
298333949460
318038059801
318143639048
298230595135
318371558843
298129352507
318017771722
298312590193
318052262977
318293515886
318132988633
318123720660
318133002627
317977335114
318298603778
318204753430
298210211683
298374126860
297945560428
298339711038
298107044989
317971051243
298143449927
298091164782
298155873468
318155387961
298348621330
298312590258
298230595381
298203606826
318128407824
318376726866
298210211937
298146522939
298225228156
298330636925
318007554481
298367822979
298132848645
318301230521
298356884959
298342404838
298233779286
317962163716
317994443049
318384063860
298152636203
298113998873
298330636714
317994442796
318403501033
298337174279
298121922968
317509445838
318141490275
317968945093
318040373161
298198846925
298250589294
297954559459
318097109765
318334876780
298348621152
317505459612
298367822831
318228744053
318293509803
298278817760
298100648299
298097537143
317990997128
317966881796
298182098439
318293510255
318082698717
298097537179
318398940919
317990997082
318128407629
298364807020
298118195803
318345865657
298240392746
298356864923
298100637657
318210464399
318112950004
298240392761
298356885123
298380593927
298356844818
298213624506
318293453734
318075930902
317789606920
298347158724
317997483057
318108607260
318121537739
298093368328
318334889228
317971051539
318012665315
318128407654
318264566574
298380594211
298302279709
298097536825
318366141649
318293516274
318097109586
318371558411
317966881795
298112139054
298132849911
318106576795
318176749736
298200520137
298206928289
298249800690
317971050804
317962141181
298162635252
297890455216
298074398389
318324120852
298197373376
298136420230
318252739928
317993140593
317980275707
317875321126
318071573537
318366159504
298094313322
298192551255
298169238573
298136419944
298219900980
298174021716
318110684359
298100648252
298118196024
318155388011
298037540604
298094326198
318155388016
298061723067
298312621579
318108607276
298219900974
298107044761
318062280488
318134973825
298324653541
298094326272
298108693168
298139905959
317980258382
318067113250
298121923037
318293509786
298218175593
318080392693
298295737256
298380594014
298321804089
317872539306
317563351894
298312621520
298356844898
298312548621
318379239831
298026308945
298312590251
298380594076
318038106503
298166089405
298148159468
317723766007
298380594144
297868471977
298351689299
298370884812
298227435611
298312621429
298356885058
298162634874
317997483135
298213623940
317971038938
298118196067
298136420002
318270201058
298094326395
318366150986
318078129454
298096044749
318164611643
318314329839
318028533895
318388739247
298152626752
318112950058
318062280391
298154328943
298190960332
298149574955
298200520119
298312577669
298260242585
298094326431
298108693224
298105107119
298377537847
298143449914
298254030854
318054804593
317971049978
298146532487
298118196089
298113998983
318340455561
298380593982
298380593996
318241997184
298356864793
318057315845
298321813353
298377537813
318319306508
318067113715
317980275115
298356864785
318069434862
298093367959
317962141891
317982694377
318293516365
298332204528
318042575272
298143450210
298138326155
298377537838
298094312994
318112949847
298180500434
318267491539
317971039518
318366150898
298312617967
318150973158
298110285769
317962141616
318078129787
318396449227
318110684538
317994443491
298321813176
317962141690
298208519990
298203606945
318087468832
298380594179
318104294930
298344081028
317329793499
318295830996
298105447257
317966881057
298152626827
298169238747
298312594533
298210211837
318002451805
317985136109
298145109498
318002451455
298197373390
298169238881
318355654282
298299800036
318042575699
298245345128
298380593892
318119303834
298206928460
297745329148
318366159496
318371641552
298330636898
298233783110
318345178754
318015180114
318119304083
298327602204
298097536917
298211828934
318298603735
318028533547
298132849231
298097536945
318293509905
298233779478
318293516301
298203606891
298312594115
318319256433
317990996622
317997483069
298127766494
318398894335
318150973011
298225228237
298380594008
298250589337
318398894829
298356865271
298151178045
298312621610
318110684635
317973398048
298312585240
298099238571
298105447546
317580532101
318293509788
298187460226
318403500674
317962141729
318293394035
298102329095
318274942536
298324653639
298219901095
298211828103
318002452658
298237163198
318371557670
298174021652
298312617696
298169238727
318366159148
298110285931
317926651869
298100637666
318371557993
318319256383
318338684703
298235290810
298174022269
317997483076
318366159076
318174126646
318049695855
318340455813
298312576453
318290481939
318082673929
318176749482
317957294520
298139905935
298356865133
298187460241
317977976335
318293444573
318366159677
298146522934
298377537899
317980275167
298327566984
318110684383
298180500244
298211829309
318047177452
318403500427
298094312181
318062280335
318309490148
317975663106
298203606820
298377562247
317980275408
298113998677
318099589797
298097537032
318398941096
298100637660
317971038678
317962162697
318398940996
298141742432
298330636711
298377537849
318191931749
298097537102
298312548434
298312576759
318343108235
298312585759
298107044921
318293516296
318334876592
317962141766
298178818664
318071574119
298312631883
298312621570
298071366704
317977976669
298121923222
317922767233
317971038913
298100637296
318052263341
318264566025
318304158057
298169239306
298312554880
317971038360
298312590259
318102082230
318052263173
298254030922
298312554658
298377562320
298324653687
298356865318
318042575581
298377537969
298318661466
298180500140
298194291865
318071574089
317975663008
298118195785
318023200214
318293437591
298200520131
298100648343
318062280247
298190598304
298312617823
298247188070
318106576613
318306827366
318311818211
318293516344
298148159578
298143449442
318398940770
298356865160
318033487044
318309474533
318067113243
318108606832
298312594411
318094755062
298146523132
298364806866
298026275657
298118196032
318044947398
298155873257
298380593901
318393734052
318155388111
318366159450
318393742705
318366201889
298201952416
298139906009
317962164770
298247188179
318371568838
298312621404
298132849294
298037540651
318126016337
318148554490
298097537072
298139905901
318376726807
298374127343
318393733864
298312554950
298245345046
298312578040
298327566997
318264566472
318304157975
318052262870
298102329150
318184278637
318293453658
317997483034
318078129468
318376726868
298377562621
298312617768
318132988445
298118195936
318398941121
298337166241
318106576886
318002451477
298377562573
318137170276
317966881678
298380594226
298121922969
298356885192
318189217473
318366141581
298353492182
298195718087
298360112447
318293510233
298152626758
318398940931
298149575060
298360075984
298146523034
318042575644
318204753335
318012665212
298148159613
298380593882
298102328789
318191932035
318393733852
318012665445
298195718172
317523535680
317971051551
298094326106
298232124109
298159158824
317975662912
318226075831
298110285853
318130638447
318293489682
298312618138
298094312075
317962141664
318078129167
318324120885
318343108642
298227431029
298374127257
318379239589
298377537710
318071574223
298321813026
318393733861
318241997101
298227435545
298216679803
318017802227
298380594202
318236804853
318130638082
298185564346
298374126921
318020570785
298110285761
298304783311
318295831058
318104294928
298169238695
318159864903
298318661748
298263006464
318371558658
298312548433
318071564037
317966881358
318331948897
298100637650
318388744792
318139245682
298257257180
318146217953
298223591319
318223310967
298157664318
298377562089
298363251418
318132988471
318398893948
318309490346
318181662929
298281945926
298131244175
298110285822
318189217036
318159854038
318159853906
317977976412
298377537591
318002452351
314802961428
318293509917
298174022394
318376726679
298275845410
298266500307
318293444900
298113998303
298274216447
318293444807
298094326018
318071574233
298190949134
298155873470
298285190363
298100637523
318159853506
317962142240
298380594115
298227435437
318150972877
318350745332
298245344975
318293453545
317876984418
318293393480
318298603525
318123721001
318388739168
318099590395
318106620963
298277381218
298312594532
318366159165
298337166186
298356844633
298097537043
298248794680
318366159580
298100648480
318371558269
318350745346
298146523095
298377562489
318403500670
318366201380
298377537708
318146217897
318012665506
318376726550
298208519763
318220513958
318189217296
318204753341
298374127018
298326046108
318197038292
298223591266
318309490510
298342404752
298288368577
298245344925
318403500535
298327605906
298374127105
298257256996
318393734072
298159158898
318376726822
318002465205
298194291367
298123424655
298304783382
298307862711
318393733957
298200520183
318398894641
298377562114
318398894006
298260242513
318403500969
298299799989
298189168602
298208519895
298177363301
317962162833
298247188311
318176750573
318119304122
318102082248
298247188106
318159853761
298178818462
298315590952
318293393705
298263006267
318393734349
318104279282
298277380940
318388739116
318403500712
318384063715
318179335982
318319256352
317897427822
318398894230
318309474696
298245344967
318179335896
318212134296
318293444722
298146522988
298100637011
298201952642
317968945085
298125905879
318181663094
318199650022
318403501060
298263006260
318150973115
318194479487
318007554455
318092325884
298312621553
318057315520
298377537982
298380593865
318236804730
318298603798
318293453656
318179335755
298374127007
318366159035
298360076108
298110285876
318388745108
318384064208
318388738965
318314329778
318176749931
318220513983
298261619951
298356844643
318314329649
318155388162
298324653710
298318660647
318176750078
318319256795
298198847215
298347158771
298237163659
318223311082
317971038480
298139906022
318319256351
318398893954
318042575646
317973398345
298250589178
317962162703
317971038635
318376726910
297745320611
318366149884
298192547295
318184278882
318293516153
318139245864
318137170166
298380593983
317971050621
298100637373
298227435633
298360075950
298243681549
318293388365
318398894516
318007554447
318247183839
298192551483
298213635315
298195718225
298312594179
318110684625
298374127174
298094326648
318398894513
318226075674
298370884851
318139245739
298312590230
298380593760
318159865250
298194307400
318017802624
298294228671
298174064208
298097537150
318398940769
298374139368
298121923091
298219901082
318388738977
298225228473
298151178608
318157702713
318398894403
298138326183
318360573302
317968945273
298377562102
318398894632
318099590055
318293436771
298377562575
298146523067
298175640863
318403500522
318199650461
298380593991
298227435631
298367822824
318398940757
318398894445
318398894009
318110684656
298377537971
318119304119
318062280124
298340822697
318202286297
298227435396
318184278432
318067113886
318398894448
318350745310
318236804941
298267586326
298363252129
318137170352
298185564571
318279476692
298360076114
318102081856
298125905919
298363251965
318071574199
298247188108
318210464519
298233783028
298374126924
298364807018
318033487508
298237163267
318164618281
298297040907
318304150696
298203606750
318155388174
318398894812
318398894425
298216679764
298348621205
318293491602
298130080366
298377537720
318376726894
318099589795
317971052353
318182621359
317962141444
318298603440
318102063409
318293393864
318042575397
318176750414
298370884979
318162295165
318134974186
298285190406
298230594517
317513138460
317990997157
298118195852
298194291866
318052263053
318102063550
318101480329
298377562237
317962141246
318159864447
298240392693
298146522990
318012665578
298377562134
298197373416
318179335901
318293437074
318110684569
318012665349
298219901142
317987746214
318080393198
298377562436
317971039396
298318661580
318388744975
318236805042
298299799803
298169238674
298370935144
298139906126
318376726950
298177320094
298312617935
318097109825
318094755115
298219901074
318324120967
298312621478
318393734026
318137170252
318119304105
298380593779
318087460096
298370884897
298194291637
298161076996
318087468551
318398893963
298120238027
318042575401
298321812825
318353133407
298377537962
298110285802
318119303898
318293487193
298096044951
318293509745
298377562645
318376726747
298094312403
298177303881
298197373206
298177291240
298148159382
298377537586
318159864658
298377562444
318007554749
298312617867
298344080930
318285047090
317971039501
318137170268
318054804919
298192547284
318155388050
318250779229
318038059835
318360581335
318388744929
318087468639
298302276459
298116355160
318153214195
318293510355
298370884930
318082674409
317966881582
298190598343
298312631539
318137170284
298223591186
318398894143
318004562666
318023200100
298321812941
298203606787
298233783101
318293491550
318052275560
318388739450
298377562095
298363252198
298312617902
298225228169
318117079183
298250589313
298213624131
318398894042
318028533937
317997483023
318155387824
318398894554
298361532556
298134710753
298342404883
298324653656
317962141714
298159158969
298377537958
318119304064
298146523073
298100637686
318376727005
317971051277
298312618109
298233779227
318293388093
298370908779
318393733918
298250589207
318119304133
298370908678
317977976407
298097537064
298361532613
318104279308
298159158880
318002452588
318031040530
318371558155
318293484036
298367822758
298166089392
298238687656
298363251943
318355654331
318371558042
317966881245
298218175490
298377537984
318293510224
298367822782
318374166904
298123424710
318176749597
298183979150
298377537800
298363252283
298312618024
317971039402
298367822855
298377538033
317513113787
318146217697
298370884943
298377537954
298370885052
298312631738
318293393883
318334938987
318384064248
318082674224
298350293304
318393733789
298118195894
298206927570
318379239832
298337174627
318298603663
298350292980
298356844649
318119304034
318202285580
298374126938
317971038767
318087459888
318398893932
318002451405
298233783063
318159864514
318150972780
298187051324
298215028605
298374127091
318371558134
298243681584
318078129205
318038060026
298377538014
318393734130
318087468698
317997483006
298374126931
298312631410
318309490381
318398940677
318393733785
298162634918
317977334783
298178818340
318002451900
298370884914
298190960408
298108693386
318174126196
298364807026
317971050577
298312548435
317997483102
298159158912
318078180281
318194479787
318355654143
318110684594
318117079433
317971052132
298370909482
318071573620
318139245556
317971051492
298143449481
298377562209
318393733920
318376726882
298107044857
298363252162
298094312380
298157664266
318042575531
298183979191
318398894211
298250585808
298360076119
318028544942
298255760298
317971039557
318376726675
298377537897
318174126224
298364806978
298370908435
298370884938
318309490425
317982694214
298189168589
318398894025
318388739365
318293487512
298203606743
298312621512
318042575255
318398894761
318293437826
298312590292
318174126728
318137170326
318085075891
318080392945
298125905803
317971051911
298180500165
318376726760
318274941908
317982693100
317971051126
318017802275
318164611322
298312618101
318388739194
317977976235
298374127111
318002451484
298143449540
298175640826
298100648355
298177335753
318042575693
317971051604
298177296677
317962164515
318293510226
298105107288
298360076074
298200520198
318057316379
298374127010
318293393558
318293445138
318388739313
317971039457
317943923979
298232124247
318159865080
318398894895
318314330040
318132988450
298177296730
298370884909
318309489884
318141490182
298291327509
318044947107
318049695758
298370884824
318398894526
298367822852
318293388290
318264566099
298312590152
318398894492
318249887169
298321804080
318293388056
298312618127
298361532342
298374127153
318398894014
298237156114
298097537005
298183979099
318015180730
318345865567
298118195985
298318660740
298198846880
298252170666
298100648487
298200520091
317971039475
298129352443
298094312209
318371621251
298312576338
298374127282
317971038995
298203602587
298360085235
318334940634
318371546920
298139906228
318376726716
298318660693
298155873391
318189217220
318078215836
318110684412
298367822721
318102082310
318298603800
298097537070
318121538114
318293453302
298107044846
318115084938
318102082338
318366159697
298097536860
298330636888
317971050889
298192547265
318128407415
298340822862
298139906367
298312577921
318388745019
318384063969
318139246168
298312554912
298363251413
318071573706
298097536989
298170812179
318121538189
317962141734
318293388057
298351689376
318293510094
298358377144
298198846793
298100637742
298312594761
318092326294
298370908526
298228945118
318376726932
318334889136
298149575082
298230594528
317971039179
318293491427
298139906139
318355654036
298347158816
318393734326
318293516181
298218175685
298312548656
298139906329
318038059577
318139245496
298363251406
298203606651
318089921852
318371557642
318340455678
318293394072
318092326229
318017771602
298213624468
317975663336
318067113407
318293453859
298149575080
298123979720
317971038557
318319256340
298360075996
318371557612
317982692428
318104279608
317971039073
318115084777
318293453332
318117079492
298096044852
298363252149
298094312221
318376731957
318293394047
298094313072
298225228260
318264565937
318376726593
318298603593
318334888859
298149575025
318374166987
298312554942
318033487833
318023200316
298360076089
298102329010
317971051537
318174126399
298260242517
298360075979
298327566723
298312554911
298312590312
298353483401
298216679680
298151178003
318153213761
317966881663
318345841196
298312554860
318133002951
318360581277
298096044847
298174021518
318293453330
298360076129
298166089330
298203606682
298312617795
298363251699
317990997349
318194479872
318388739057
298380593747
318130638246
298312621545
298315590926
318388745089
318388739191
317997483205
318314329718
298100648317
318057316243
317987745731
298312594413
298370885020
318102063876
318089921814
298324653413
318159864824
298356865332
318304157657
298100637466
318350745385
318363229915
318393733837
318080392430
298370909342
318366150794
298367822913
318345841106
318042575676
298132832706
318137170361
317971051164
298327608936
298219901165
298312590400
318293388390
318293509886
298355000469
298225228708
318334876869
318102082268
318366150995
298377537913
318384063733
298183979106
318155388126
298312594327
317962141654
298312621320
318398894653
298312585532
298360103050
298312621543
318388738945
298370908947
318388744919
298356844982
318398893947
318398941173
318398940839
318059809529
317966881855
298370908924
298377537718
298374127321
318005140067
298321813127
318078129464
317990996751
298358376948
298367822893
317971039443
298337193087
318345865535
298370908641
317977977242
318293393792
318293510145
318388745067
317971051731
317971052649
318366201885
298103821365
318388739032
318366159211
318334889392
298312578037
318398894241
318366141251
318371557564
317962141514
298094326428
317971051236
298258713219
298315590955
298185564262
297747761584
298215028452
318293444374
298377537884
298312548625
298370908574
318366159147
298152626857
318139246026
298219900976
318366159553
317975663035
318371558068
318071573640
318134973449
318371558430
318082683595
298360075967
318393733945
318366159541
318314329685
298312621472
318371557525
318388739192
318293388458
298337166248
298169238597
317962141929
298370884945
298374127157
317971038841
318388739351
318134984511
317971050913
298370885029
298367822762
298356865077
318054804931
318002451785
318298603542
298312575847
318366149913
298227435455
317982692611
318384063778
318379239896
318366150979
298356865261
298363251850
318374166741
318293437382
298100637642
298185564426
298169238719
318150973077
298110285944
298370908833
298094312098
298321813296
298315590992
298360076260
318384063681
298113998530
298356864846
298356837039
317985135701
318345865980
298312594481
318106576989
318293393500
318388744862
298367822879
317516667875
318085076129
298356884897
298312585191
318393734204
318366159489
318104294737
317962141968
298201952942
298353492108
298356884909
318376726850
298356865311
318388745082
318388739404
318388739133
298120238167
318360580841
298302276390
298350293715
298321812877
318371558739
318366149830
318220514138
298192551384
318293444592
298360076083
318371557561
318398940824
317971051159
298364807131
298312590226
318388739072
298367822755
298182098741
298097537003
318363230558
298377537819
318398940808
318360573047
298327566904
318293444818
318398894504
298149575040
318293388125
318293515904
317962141782
298358376925
318398940699
318293388400
318012665231
298355000381
298094326933
298350292845
298364807104
298094312158
298370909506
298315591179
298312618151
298370884883
318388738971
298315590938
298318654112
298360076105
298312585115
298370908543
318141490160
318159864715
298358377910
318017802577
298312593981
318309490079
318398940712
298237163398
318388739022
318017802099
318388744891
298327566804
318078130121
298312621417
318371557704
318388745255
298218175453
317968945246
298237163302
298169239126
318393734389
318366159152
298203606909
298356865188
318355654100
298166089346
298360076221
318388745070
318393733782
298218175509
298312577982
298364815516
298348621392
318166859401
318376726789
298093368118
318293388519
318371557802
318374166634
298312548439
318301230473
298360076086
298370884894
318331948966
318080392376
298360076052
298360076182
298348621169
298370908668
298312617842
317971038998
318334941233
298374127278
318366150214
318067113589
318360573448
298132849730
298370908826
318334940847
317966881623
317730630805
318293393953
298370884861
298363252196
318331949743
318301230470
298337174585
298312554933
298330636837
318384063917
298337191341
318334938483
298100648712
318366159032
318355654040
298203603039
317968945155
318345865843
318388739112
298320193186
317971050033
298194291554
298370884890
298340823253
318376731808
318184251532
298337174283
298321813180
318326580609
298374127329
317971049931
298356844802
298321812938
318309474735
298356865222
298312554614
317962141309
298333949477
318388739061
298356865259
298370884891
318340455509
298129352469
298350293302
298360076018
298094312172
298169238723
318042575916
298363251890
318293388010
318340455791
318376726691
318078129323
298356844676
318293453697
318355654464
318360581338
298335583203
298312585359
318384063639
318331948766
298370885042
298370884963
317962142060
298340823099
298312617905
318388739024
318334941292
298312590244
318228744170
318334889545
318371568909
298312594160
318371557790
298315590930
318371557856
298312617840
298340822638
318393733790
318334941165
298340822756
298360085255
318334939058
298200520121
298367822858
318293437977
318376726874
298324653715
298370884936
317975662372
298178818386
318355654354
318329160630
298370884902
318393733977
318388739126
318340455434
298312554659
318340455728
318355654020
318340455827
298360076085
298360076241
298360076131
298353492151
298350293372
298330636944
318384063796
318371558318
298337166150
318298603705
298367822914
298350293762
318293388313
318293393861
317966881105
318324120962
298361532377
298370884929
298347158799
318298603596
298312621441
318293388228
318334888803
298100648237
318293437669
298197373506
318366201245
298350293094
298337192971
318376726547
318368877148
298332179186
298123424746
298370884874
298360076024
318388744949
318388745120
298374127279
318388744962
298339015249
318314330001
298351689286
298312594260
318393733869
298329105984
298340822727
318345865674
318388744830
298360076008
318371557722
298337191574
298315591053
298134710526
318345865838
298348621113
318334876439
298337193076
318293453589
298367822825
318388739413
298356836820
318293444606
298218175674
298353512088
298315591107
298370884842
318388739349
298094312814
318368877040
318388745016
318331949592
318371557594
298370908825
318304157981
318384063894
318388739201
298340822891
298344080844
318340455854
318340455424
318345865446
298312585179
298321813214
318293393586
298141298333
298367822814
298370884941
298360075926
298337174363
318360572789
298360076034
318309490444
298363252144
298367822775
318345865809
318371557509
298312590236
298312594465
318035895160
318331949400
298321812876
318340455835
318319256437
298340823035
318388739010
318293487090
318304150830
318376726802
298370884844
298312594427
318334889272
298340822678
318340455870
318388739252
298185564575
318334888963
298100637475
318164617894
298370909046
298355000440
318340455402
298356837170
298350293261
298370884919
318355654118
318309474213
318366158992
298312590220
298343699326
318334940882
318376726870
318293445269
298318659908
298342404781
318345865647
298327566708
298370908979
318345865676
298324653646
298312548578
298344068419
298097537085
318381807090
318340455433
318137170331
298314032846
298324653449
318293444459
298340822937
318304158024
298344080783
318371558387
298351689448
298312593936
318345865847
318304157920
318298603722
318324120835
318204753411
318314330019
298340822901
298312621619
318119297644
318119303844
318293453872
298344081037
318345866113
318388744852
298363251791
318293509898
298097537140
298363252138
318324120873
318334941453
298356885193
298350293415
318376726985
298367822742
318334889534
318270200932
318331949263
318371557565
298337174358
318334876805
298312594069
318319256496
298337174628
318384064168
298342404842
298312617799
318293453533
318293388185
298094312538
298318660741
318366150374
298312617788
317985135727
298360075988
318293393886
298312548573
318376726960
318350745615
298344080976
298139906382
318388738932
298315591049
318293487007
318371557753
298312617974
318350745532
318371557726
318376726903
298312593865
318384064141
298312590288
318388739383
318334888780
298100648270
318345178286
318374166679
298312590273
318376726778
298312554778
318360581131
318355654236
318384064200
318078138783
298367822766
318366159280
298318660638
318376726763
298321813123
318293509799
298333949614
298155873239
298360076069
318174126441
318388739091
298321813062
318298603548
318293516225
318388738988
318334939828
318353133137
318115084898
298347180310
298345519378
298350293385
298356865197
298318660168
318293516369
318293388119
298360076154
298360076133
318366201405
318293516172
317990996521
317964830136
318304157662
318345865912
298348621374
298344081065
298312590191
318345865610
298321804029
318353133090
318304157670
318174126775
318293510297
317962163060
298327566801
318334889081
298344068516
298118195864
298340823087
318334888935
318319256761
298312594126
298360075949
318393734104
298360076053
298136419807
318366149963
318331948969
298356864832
298337166231
298330637001
318293510103
318314329878
298318660403
298321813285
298363251432
318388739397
298312618200
318331948649
318314329985
298337174282
298370908588
318304158069
298312594311
318314329938
298337174542
298356864824
298197373306
318293393948
298312576176
298356884858
298312590351
318293388520
298312618089
298348621387
318324120985
298332179002
298370909468
318000043170
318298603650
318309490038
298318660937
298353492311
298312621405
298321813101
298344080813
298333949417
318324131701
318326580839
298312575888
318340455572
298315590907
298363252085
318293515723
318293388013
298363251651
318293492000
318298603642
298351689468
318293393650
298315591060
298360085217
318293445163
298321813232
298347158365
318334889560
318309490306
298348621353
298312576755
318334940734
318314329748
298312617856
318298603648
318355654253
318309490264
318340455469
318293388375
318334876838
298342404730
298360076150
318293388224
318350751743
298353491765
318345865617
298337166240
318319256713
298312548632
298358377093
298337174419
318295831024
298324653404
318309489874
298312621342
318293453534
318309490534
298243681656
318376726726
318293444710
298198846667
298360076067
318368877183
318337649755
298321812854
298364815463
318134974371
318309490311
318293436801
298312576473
317966881140
298360076084
318334889213
298356844760
318293445102
298360076011
298314032767
318321687834
318309490190
298356884944
298315591088
318304157647
318319256505
298327567149
298321813203
318348272548
318293444909
298360076055
298312617843
298312585470
318293393713
318345865995
298218175691
318295831050
318293453774
298324653438
318293388223
317971051168
318334876917
298337174519
298340822696
318017802768
318293438194
298326046150
298312594148
298312585564
298312585286
298312618029
318350745525
298337174600
318340455518
298353492446
318293516140
318366201234
298344081027
298324653527
298312585551
298312621591
318331949642
318309490416
298356885112
298356865108
298312617942
318334889058
298312577079
298344068554
298097537168
298312577505
318298603817
318293516237
298318660605
298324653530
318371557707
298337192186
318298603606
298312618051
298356845130
298356865248
318304157868
318000044506
298339710894
298312621644
318314329772
298312590394
318334940472
318304157865
318316689531
298136420198
318334889209
298339015350
298312621488
318293489879
318309489866
318298603566
298360076141
318293510378
318293453829
298353483579
318309490260
318293453605
298340823224
298312621479
298360076169
298312554772
318355654124
298320193107
318293445051
318293388443
318293510403
298312621432
298332178805
318350745556
298312554863
298321813263
298344080851
318311818285
298337174489
318345865635
318293453312
298312621588
298197373341
318293510292
318319256270
318314329898
298321813172
318311817986
318314329923
298318659457
298324653575
318384064000
298312554831
298312594583
318293444395
298337174443
318309490446
318384063876
298312590194
298100648368
298344080848
298312590399
298345519366
318293453531
298337174451
298312617977
298320193072
318334940965
318345865424
298312618074
318293393941
298347158805
298321812869
298312548477
298312590392
318304150449
298321813299
318345865906
298347158352
318340455720
318298603474
298312585330
318293393630
298312554631
298350293384
298340822787
318314329785
298315590953
298324653439
298330636840
298312617987
298312594830
318340455504
318293388174
298348621246
298312617718
298344068484
318293437562
298350300576
298312632189
318334888772
318293488293
318366141681
318376726998
298312554976
298315590982
298318660729
318293516303
298315590954
318293388209
318293453617
318371558168
318368877251
318304157827
318106576776
318371558449
318293393642
318388744784
298321813178
318360581554
318350745275
298315590989
318293394179
318319256438
298353491927
298314032787
298360076002
318314329648
298337174440
298312554632
298318660581
298312621513
318293486667
298356864933
298312554700
318371557688
298360076044
318366201376
318293444367
318334941327
318309474342
298312621400
318293510081
298356836826
318306826928
318298603430
298312554956
318304157687
318314329889
318338683943
318293493423
318298603492
318293453329
298312548543
318293509927
318360573501
318293388509
298347201660
318334889114
318334888860
318376726683
298312590439
298312621634
298312590340
318324120782
318309490251
318087460241
318293388329
298312548468
298327566994
298337166185
298351689490
298312554886
298318660861
298312621659
298324653457
298356845047
298312554824
318293453325
318304157706
318334876565
318293516129
318293516115
298315590895
318293509789
298337193822
298312617826
318309474627
298321813238
298347158347
298327566929
318388739464
318345865622
298312594718
298370909152
318314329897
318293393901
298312590427
318355654183
318298603519
298337174642
318293388408
298355000461
318309474432
318017802567
298312554854
318293516282
318293486095
318334889495
317962141605
298312554990
298356837148
318371558019
318334876438
298312585190
318321688045
318309489879
298312585109
298324653681
298312594135
318293393697
298350292874
298356844657
298348621163
318309490330
318355654080
298310959747
298312554872
298312621334
298312590305
318304157957
298350293412
318306827233
318360573142
298332179219
298324653578
298318660632
318293493300
318293510072
298312585211
318345865664
298348621134
298315591072
298356864936
318304157805
318337649598
298312590189
318293438225
298312578017
298317096507
298312621351
298327567081
298312576979
298312617908
317971050390
298312577944
318309490463
298312585358
318293444668
298342404894
318324120891
318293388217
318345865600
318314330008
318293388162
318293453728
318293516363
318355654207
298347158707
318314329922
298312576732
318104294846
318304157833
298321813079
318393733886
318293444626
298350293364
318334889072
318304157845
298356844907
298125905729
298315590988
318334889376
318298603645
298351689361
298330636960
318293510251
298355000393
318293516337
318360581313
298312621630
318324121068
298351689421
298370885001
318366150208
298312590274
318293393975
298330636738
318355654067
298312548481
318334876433
298355000492
318319256329
318334938503
318388739140
318298603710
298312548537
298356885029
298312554958
298312585303
298355000503
318334888934
298339711128
298340823036
318324120872
318338684603
318366150936
318314329756
318293444771
318293394086
318293489924
318293509776
298344080876
318293437844
318301230634
318319256426
318350745361
298321813237
318189217076
298344081052
318293394087
298353483223
318293436737
298312576777
298339711203
298315590974
298337192121
318293509755
298312594017
318388744915
298347158402
298321812885
318334889368
298330636965
318293393767
298344080850
298312618171
298337174601
298312578075
318293388317
298339711333
318298603820
298321812847
298312554572
298312585584
298315590956
318319256456
298330636934
298312618063
298312617954
298321812856
298344080869
298312594498
318319256288
298344080751
318293493530
298312594157
317997482635
298330636982
318304157826
318293393490
318293393629
318314329702
298324653393
298324659774
318293487831
318324121063
318311818163
318355654146
318334940273
298312577324
318324120910
318314335403
318293393613
318324121115
318334889350
318293387951
298312590445
298324653316
318293394199
298340822634
298370908952
318314329675
298327567089
298344080866
318057316018
318324120838
298315591098
318293453455
298321813190
318309489873
318293444407
318321688181
318350745452
318293393512
298353492329
298315591067
298315591125
318360581237
298330636847
318293510335
298315591004
298312590309
298353483405
318371557824
298312554584
318366201257
318293388467
298312554930
318355654064
298315591112
318345865801
298327567095
318293388208
318293437957
298312554882
298312548600
318293393844
298312621443
298344080975
318314329670
298321812940
318293438196
298312548483
318345178277
298330636765
318293445226
318304157578
318337649692
298356844874
298312576780
318293387999
318360581349
318293437168
318321688310
318334876839
298337166228
318293388457
298312585742
318293388333
318293489451
298136420319
298312618070
298312548585
298312590346
318293453785
298344080883
298347158854
298315591044
318293516391
298312585315
298318660842
298312554947
318319256915
298312621465
318298603764
318293393773
298312585209
298118195938
318324120862
298312548596
298330636876
318298603826
298337174387
318334889217
318304157748
318293453652
298356844995
318298603695
298312554897
318360580833
298347158358
318293437830
318293388130
318038060217
298315590933
318324120790
298317096687
318293388395
318309474339
298318659349
318293388441
298321812905
298312554690
318309490470
298321804092
318293509856
298312554904
318324121007
298327566887
298312554571
318293388490
298347180269
298312590132
298356864948
318366201290
298337174327
318293438178
298324653483
298312548594
298347158370
298218175645
298356844762
298312554732
298312554973
298312590168
318293388413
298337174344
318293436733
318298603518
298312548475
318293515761
318293393870
318293438027
318293453609
318384063812
318304157937
318293388438
298327566959
318293483988
318366201219
298315590902
298344080832
298312576160
298337174652
298108693238
318023200154
318150972922
295783872125
317910778006
318099590118
298132849664
298250589295
317962141502
297545000220
318028533343
298197373188
318054804589
298146523020
317901452896
318085075959
298079512863
317914640703
298110285789
318052263062
316976272933
318102082701
298263006208
298068170875
298275837988
318075930731
298297041073
298097537049
298043474083
318287771182
298240392666
297538370829
318388739417
317902748637
298185564536
298190960270
316884497518
317747779617
298077541142
318080392750
318293453719
317678775607
317950583162
298206928510
298370909347
318381807506
317985136015
318350745183
298049508556
318033486881
295916437956
318293444925
317962141443
298216679668
298094326139
317971038631
314507576974
318119304044
297289289870
317980286904
297925551165
298118195930
297943216553
317785948065
318000042996
316976274375
318293444934
318366159142
317971038565
318028534129
318155387816
317872538845
298370908815
317946130244
318099589936
318189217428
298223591357
298269447449
298115293109
318078129413
318015180461
317505459696
298134710224
298219901071
298139906269
297298065157
317934847439
298206927822
317516667688
297533482037
298370909368
298118195898
298240392773
318388744993
318388745317
318038059912
317457948623
318176750557
298100648285
315429066895
318137170201
298100637078
298120237242
318393734312
318258706474
298113997449
318388745264
298216679606
318067113483
318236804894
298337174416
318137170385
298134710557
297745329289
298364815300
317040956005
298121922973
317773637197
298243681737
318334889623
298108693048
318264566269
317766578441
298093367748
298356864873
317977976693
298312594010
298198846971
297777917943
318052262620
314416501594
298094313438
318388745369
317971039033
317922766997
317505459898
298356865327
297042310592
318398894880
314810452900
317618623540
297308667242
298146522895
318388745153
298194291587
298031620115
298097536869
298155873328
297915036401
298192547405
297905934109
317985136091
298100637447
317962141337
298370909196
297874499366
317966881538
295827621801
297521854920
317209666228
298026285588
298370909700
318319263126
298249800270
298026275631
298102328927
317930486942
298091164844
317191995628
298094326852
298216679572
318038059678
298337174594
298026270862
298177296995
298318659071
295857865868
314824683863
317872477770
297302647620
295608670540
298243681557
298068170491
318388745056
318137170200
298303337310
318215368492
317924804271
317683933461
298130080312
318162295325
317872500806
318057315901
298240392736
318062280284
318005140329
317910778064
298026326762
298190960150
317939097179
318279476745
318012665290
318080393217
317963741786
311566220133
317198159862
317789606339
318398894827
297645734981
297615621963
298095357591
297738059788
297461578176
317962164452
298169239159
316884513151
298026270396
317685669969
294736308294
298294228705
317872530999
298118195834
298312621410
296006856761
318236804852
298370909428
317770319537
316949683564
317971038763
317883040164
318169274754
297928050271
298071367022
297970624217
298302276377
297521854623
317966881355
318094754604
298074398307
297524139173
298055631281
317952935950
298118195931
318115084642
298169227880
297059563384
298180500093
317789605436
318085075919
318042575187
298192551523
317980275627
318092326248
297769330141
317960522337
317922766892
318104294784
317671540934
318183092985
318388745015
298355000497
316629890180
317962163414
318110684437
298132850062
317872521808
318012665201
298094326920
298116355136
298187460253
317894577871
298178818692
297859833355
317926697879
317404720624
315921462823
298026338609
317283028187
318309489847
317962162963
317782308462
298103821072
298127766861
297765862157
298185564496
317612028794
298071381033
314772354570
298169238444
318017802298
298132849573
297623638826
297451981336
317643243626
314644631407
317914641635
317921331845
298094326010
297540598283
298197373310
298288368556
297947983181
318293453604
318047177709
317770319579
316451929043
316830348871
318159864460
297794582435
298091164763
317292245401
317962142064
298146522958
318119303999
317971050753
298081031284
317154738707
297622329948
297417336243
298148159587
318052263114
298049510504
298249800230
318134973900
317948448505
298139905974
298113997650
317957294861
317975662913
317755492844
317612028990
298221440629
317872530523
298183979147
298118195867
296010671072
314187330695
298100648551
298091164585
298091164824
298132832935
317929104076
297711915820
316235671119
316396140172
317930509985
298094313286
318189217401
317689448865
295222362999
317990997130
298105107364
318150973125
316912552467
317618623358
297763496366
295894513155
298146522944
317886777395
298097536958
297530764939
298312585689
314401616625
317930507627
297843182193
317388962774
298088008636
298291327733
314253033691
318207054866
298149575072
298110316282
298370954122
317952902817
297551673360
317727258724
297943216625
318062280457
317422896353
317962142229
298312577103
317922767260
317296401308
298190960544
316679545664
317962163833
298264447735
293481752364
318228748148
317934847584
318115084791
298146563424
298094312135
318028533152
317975662520
298154328928
317872539322
298228945252
318130638327
297783759128
318042575913
318102064186
318038059400
298195718361
317384079376
298183979143
317971038588
298350293106
317963741918
317980274916
317190517948
318141490298
298068186453
298105447223
317926700679
298026210894
298249800602
317872501331
295707460878
295768606420
297797586488
316135250779
318204753395
298094326168
317161326891
298192551392
297352209560
318099590063
317151323727
317516667510
317683875298
298235307545
298227435614
298046426400
298155873696
316679544419
298069869697
298169238688
318169274692
298312621511
314854915617
317930486811
298374127319
298178818643
318099589788
318038059311
298110285787
298088008602
317906887814
317300933352
297342390847
298203606624
317957292847
298143449710
318007554606
298110295544
297740609063
298183979167
317363548646
317971039140
317274128924
297329684716
318293444848
318108607333
318137170391
318054804523
297761040499
298049509703
297643448467
314790922547
317706522570
316915352659
297769320690
314812089730
295383109499
317682115269
297791632638
318033487076
316830349552
317752876180
318293436966
295855481173
317962142096
296877082476
317419308379
298136420346
298048585362
297007563656
317910777804
317963741803
314522602904
312548311952
297259019507
297743005240
297772065886
298103821297
297756942145
317607689198
298139906083
297883291466
317971038760
298121922994
298154328899
317966880953
314812089480
297695605775
318007554658
313892356869
317985135842
298159158920
317963741586
317293884295
298103821067
317985135895
317804374541
314807229167
295695978424
318157702838
317873196838
296402789400
295656724868
298157664297
314133904086
314734513563
317906880798
298312621498
297862687114
318094755015
298093368195
318199649873
298084380145
295777321191
297970624096
317930486518
298238687670
317785947831
315306130487
298026228521
317772273420
298148159497
317971051115
317963742450
298228945231
317043651193
318204753309
297580942762
298105447211
318293437399
318104279574
297572146473
317872501242
298240392788
297813041444
317926654305
318082683447
298237163229
298225228056
317572607085
297362666896
317879451261
318033486915
316910171682
314752130441
297964244543
297445820163
317962162644
297615621876
298312618008
297339062799
297342390474
317274128764
318179336169
298076385673
317937066280
293448984558
292797454490
297558532765
317509426330
298148159528
298190949107
298245344927
291708416186
317962141807
298152626721
298297040887
318097110005
298350293118
318293444741
318078129683
298312548502
318148554317
318062280526
318148554159
298321813155
318355654031
318298603605
298321803882
318353133253
318355654023
318366150978
298255760271
298356844902
297359269068
