298026325467
298267586237
295581835955
317358821657
317793456283
298200520167
317657851528
317409247857
297967353579
317576451566
297007563505
317305357254
317755492980
315385214623
297530777751
297574549797
317563337646
317872530522
317573103881
317440221863
298118195808
317894577867
297872932705
317030673357
314554838216
298263006408
297669503390
297538377398
317589190528
297783759197
293791345900
318285047393
298118196111
318005140057
318249887091
298034537970
298026297921
298235291042
317963742022
317990996692
317980274969
298026247385
298216679726
317952901409
298130080414
318189217045
298026326253
298180493360
317527117412
298238687747
317952901033
317501576913
298100648239
314793141070
297970624099
298143450133
297352228109
314514593375
317775985712
297545004348
317634133297
316876801329
317699768718
317997482985
297542821371
297921115888
298026327090
296834336145
315296299287
297804581316
316949684820
298026309105
298081031318
317313764134
317196731251
297928052619
298100648500
298081031238
318388744805
317872490439
295904809941
297750204118
298178818724
295019579417
295887796873
318106576567
317936956471
298208519688
298096044802
318102081837
297290660672
298120237517
297833033443
297448455219
318112950084
317215698593
297521889102
317971038757
295906531890
298272599707
317948494429
317966881617
313823414280
297899688235
317966881748
295894513304
316687493482
298068157565
318002452010
318038060077
297866887248
314916634953
317980275070
318403500326
318184278571
318062280521
318094755376
318143639631
297547014442
317924809547
298149575102
298100637640
298180495138
317785947929
317685670144
317980275356
318002452067
297299425181
298299799857
317980275428
317775986178
317962162811
318132988419
298074413272
317450182756
317879462250
298049492445
297572146664
297416484286
314764840059
318057315602
298257257026
298090182024
314681365036
295860578441
314769565212
317917317927
317762842836
313913512652
317504352178
317872530512
317962162890
298081031486
298081039770
298113998158
298026228380
316830329881
298100648179
298131244448
317883039891
318028533532
317966881433
298084380411
298118195978
297785948172
297940276544
317605726553
318106576822
317971039295
298107044860
317879451825
298108693043
297521888740
318258706581
317872450805
317987746081
317413794854
317154738383
317883039817
297827537628
317750650568
297918142924
298055631333
297763496297
297785948151
297844329227
316904832564
317886777242
298190598470
298155873433
318115084774
297676149308
318295830899
317897427362
297788946119
298049508693
317939097092
317255061477
297866887292
317963741707
298095357561
318073838006
317977334157
298210211676
317872477285
314528228737
318228743916
317206863884
298074398410
298151178721
318183092928
298180495244
318132988606
298068171235
318040373464
318174126602
297863954756
318007554678
318013531975
298068187588
298108693083
317987746110
318042575651
298102329073
317603807619
315789540043
297850418847
318108607049
315293547911
297448450040
318007554598
297965854025
317952936494
297576518762
298049492607
318384064214
318110684701
317918511368
317177298110
298100648466
317516667541
318164617577
297656553889
298367822846
317943924133
298031620244
297850418878
317985135913
297696824876
316027294904
318097109742
315221554216
317785948109
297730052318
298134710347
298131244333
298108693390
317023860855
317523535459
317589190453
298321813041
317717169178
317632462952
295920927750
317928429576
298107044898
298094326409
296356170619
295497486957
317773637102
298370909266
297763496689
317872500558
318023200641
317782308322
318067113338
315683751134
295878638403
298136420321
317894578140
298094312314
317872411044
298132848872
297862687170
315085111195
298107044936
297951331373
317059966885
317470330791
314647866417
298113998468
298097537068
297493628768
317785947861
298367822832
298064998368
298230594814
317752876351
297521888943
298026326727
317982693380
318345865381
298190949210
297822420053
317906881110
318403500915
298162635019
298026275590
298172172076
298149575016
315464628380
298370908714
317930486814
317589190507
297325003105
298049522601
298028520914
317966881738
317773637286
297382586730
317872500677
298257257074
318290481697
317144762343
317918510736
298074398260
318028533135
318110684778
318010096864
297819745725
318334888863
314780426682
297801993336
298210211901
317730630828
318376727030
317966881826
298077540807
318030510318
317501548480
318236804842
318169274880
318062280358
317206863946
298026270891
298152626886
298258713364
297951331424
317971039043
318204753426
317177285260
298169238708
297631227494
298068157718
317603807710
298097536953
298177296879
297788946234
298108693310
314839852055
318304157700
298026247514
318087469157
317242878320
318293393553
317221756399
317622907651
317943924299
298291327587
318017771269
317934847719
318398894801
298290364423
298077540765
298370909306
298105107123
298187460090
298118195962
318189217102
317883040152
298052636869
318000044189
317914640720
297590056903
317939097274
318376726854
317773637458
298049492827
298364806925
298130080441
318287771071
298198846845
317906881131
317782308215
298177296763
297302135097
317990997531
318393734155
318314329679
298113998256
297321641535
298103821355
317554326067
317886777686
318102081859
297840332960
298374127375
297772064998
298190960156
317980274805
298100637748
297755543433
298205202815
297549325109
314732374719
297967353405
295781023965
298100637274
298088008630
318115084778
297923520241
297530763968
298107044914
318384063789
298037531213
298026275634
298166089238
298323185030
297601315373
318350745291
298178818531
298091164728
298136420081
317980275968
298370908931
298312594154
317971049889
298091175308
298216679836
317694734358
318031042058
318087460318
298370909069
318388744944
298249487658
297289283184
314754082256
298166089277
298129352544
298099238675
298103821252
317966881301
297951331390
317212699175
317971050848
316983352621
297722874466
298245345125
297721360721
297750203819
297783471741
317796955824
298182098416
318194479640
317558693635
298071367223
298026242579
298177296895
298103821333
317427396259
317997482576
298170812485
317386526013
298367822835
318181662862
317966880745
297688534425
317985135953
294081184833
298197373469
298149575033
298099238696
318146218207
298052636732
298306325916
318137170259
317977989101
318215368016
317800472089
317982066726
317897426814
318293444603
297783759077
318379239687
298254030733
317215698212
297703242014
297725486386
298094313025
298377562665
318121538109
298120237781
317773637643
298026326863
318376727061
296273342074
298132848571
317554327526
318270200784
318007554645
297970624276
298100648332
298094312228
298249488045
298052636759
318073837519
317985135804
318096544923
298100637789
298026308865
317936956682
298139906085
298274216482
317975662325
317902710801
298155873798
298288368037
317365830028
298094312505
298052637020
298026211916
298304783443
318012665350
297521851353
298121923083
317872373490
298094312487
318087459583
298100637490
318366150555
298185564513
318085076082
318388744935
298132832964
318028533125
318366159648
317872489823
298074413373
297745329588
298132832754
298377538077
317093860778
318293516049
298043473955
298148159503
297710816325
317918510754
297856496149
298183979133
317966881274
318159865093
317804374746
318189217252
298216679861
298095357932
297706995302
295776728422
298100636934
318052262703
298197373158
318033487045
317977977109
298177290870
298134711011
318028534364
318371557607
317886777338
298079513106
298068170314
295354970022
298026309142
298068157776
317622907813
295597089064
295799016628
318099590195
317966881777
297947983343
298088008662
317897427699
298118195857
298267917983
298243681633
317775985691
297594526146
318080392993
318092326234
297713108983
317962162748
318376726902
295912166919
317879450948
298146523127
298189168534
318403501197
318028533345
317980275726
298094326652
298330636710
318004562388
318089921315
318164617628
297432932998
318062280260
318137170363
318092326082
297945560190
317747779849
298096045044
318202285848
298170811781
297734454445
317914654769
298141742167
298291327482
317902749826
297730052159
318247184099
298049492427
318293516342
317151334203
298064998442
297772065508
317910777552
318293444984
316820911380
298227435734
298370884848
298081039213
297943216586
318228743840
317910778255
298094326939
317164275109
298285190646
317934847381
317962141749
298107044896
298026270793
317872371619
298107044757
318252740321
298358377044
297752818807
318384063710
317914640759
298026325790
317759107651
298107044818
298149575008
298288368048
298103821417
298189168388
318360581192
318403500441
318384064246
317601876230
297528683323
318353133086
298097536990
318393734164
297665600077
317872412187
318028533115
317902690332
317980275291
317872489674
318179336428
317770318797
295872386444
298139906264
298159158844
317971050160
317957293678
298125905685
317789606222
298074398570
298174022180
318376726820
314750141533
318204753376
297842342974
297783664705
297911998209
298045586031
318031040982
318159853356
298132850238
298312590361
298250589351
317964822957
297565243370
318071573568
318062280123
298344081089
298205202866
317793456131
298201953057
298216679897
298348621390
297800393392
298136420133
316777766552
298174022568
298288368007
318057315697
298100648478
318071587530
318106576857
298370908447
298134711034
317971051150
298132832822
318071573700
298091164798
297930966209
298312621464
317305355862
318159853488
317872478319
317910778122
297594526018
318082674499
297409022457
298238687635
318057316090
298096045030
317963741677
317112707191
318388745110
298026296114
318040373332
317762842516
317694734146
318067113289
298132849898
318017771372
298348621340
298335583171
298043473815
297560765523
298330636905
317926639602
317237579612
297847530162
317704907766
317946130632
297362686450
298134710282
298094326825
298125905723
298312594343
298192551468
297934075021
298374127108
318062280379
318040373090
298285190328
318094755050
298100637002
317957293931
318025864855
318028534163
297763496359
318067113451
297743087095
298037531155
318094754442
298058675068
317902749704
298288368025
297813040749
318108607197
318236804982
317894577525
298091164668
318044947458
317962141229
297818503688
298100637630
318159864528
298139906025
298198847019
318038059567
318376727025
298155889032
298154328867
297576518719
298374127086
297321641596
297957875318
318231440969
317964822908
317040956114
297681365851
297763496246
317943923563
317572963682
318038059790
318345865932
298049479597
317930487153
298337166422
317664401971
317516672706
318270201143
298034537849
298061723424
298095357680
297772065310
318316689649
317597884214
298146523049
298118195761
298107044892
298026228694
298240392791
298330636996
298026228498
298321812902
318293444781
318038059330
318040373230
318071574214
298096044794
317906887755
318189217465
298113998456
318159853154
317698063815
317773637266
318089921688
318089921900
317962141310
318304157909
297970624306
298026242447
298121923148
298312594630
318028533732
298134710479
298068157769
318106576782
298129352446
317775985753
317934847613
298139906031
318020570689
317513113666
298312621387
298190949237
298249800676
318000043618
298026308888
297817143886
318334888774
317971051165
297844329223
298100648504
317971039711
298377562599
298131244370
318071573573
316910170916
317943946073
317971051237
318293453554
297444197417
298049479648
297752818600
298274220616
298312618096
297869977494
298178818348
298197373365
298086123128
317713620374
318393733999
317189060377
318099590186
318293445024
318393734332
298190598494
298026297684
298312544837
317914640578
318101479637
318252740532
318102082060
317971051730
298136420019
318189217101
318293516042
318078129472
318264566340
318002451888
297777917643
317914640929
317994442794
318376727048
317926639458
317872539486
316927032505
298320193156
318052262815
317759121389
297908915421
297090623806
317900126354
318293453480
295923907976
298129352518
298094312106
298277381175
317902710244
318363230696
298363251427
298235290930
298195718302
318123721022
298233783113
317902709819
298299799875
317647106238
298107044789
298247188183
317975662812
317977335489
298213624031
298100648632
317973398179
317114173907
318040373107
298088019990
317706522579
298043473758
298026308937
317872490449
298367829322
297925551215
318403500961
314764839795
298088020379
317789606759
298118195897
298330637123
318326580527
318069434736
298113997170
298197373307
298155873652
318176749626
297680112496
298304783422
298318659386
317520046753
318236804807
318334889038
316392673929
298356844738
318031042452
318104294978
298108693401
298157664268
318199649017
318189217319
298152626799
298318660824
295587936614
318042575506
298250589335
318052263024
298312548417
298108693281
298213624520
298157664380
297954559482
317957294917
314750654150
318293510052
317883055498
298175640882
298180495018
298223591191
318017802680
298164564615
297750203876
317898608769
298211828685
318298603620
317971038627
298103821372
298118196013
298192551565
298143449441
317680486586
317934858992
318388745123
297850418548
317894578643
317962163108
298312554962
298274216850
298309508716
318038059320
298094312111
298175640809
317902748267
317980258278
298172172328
317971050071
298237163467
317975663190
298261619892
317930487186
298068171108
318164617746
298180500028
318194479699
298216679819
318319256931
317960522479
317997482947
318096544814
298139906313
317872522098
318345865402
298278817665
298049479867
318184278744
318293453731
298182098856
298100648666
298194291683
298370908974
298026296440
297810582313
318293453393
317926639346
298198847120
298337166351
317737160340
318064796960
318164617618
297967353402
318123720945
317926654103
318094754213
298105447278
317987745921
318293516434
298146522889
318071573761
298350293217
317902749276
298049492622
318104294589
298026275534
298139906089
298136420192
297703242053
318376726912
318017801900
318184278971
317872559506
318148554741
318293515803
298100648249
318042575172
298310959806
298312618073
318236804951
298100637014
298206928860
298112139227
298100637705
298095357557
317962162463
317971049932
318115084841
298312585360
298190960567
298264447805
318329160578
317966881858
318334941031
317509417853
297956925635
298370884937
317906881208
298187051600
318345866027
318028533778
298377537975
318398894469
317962162927
297735429651
318164617773
298358377601
298275838023
298337174359
317975663235
298254030656
318169274809
318306827451
318393733996
298185564425
298055644804
298100637723
298097536901
298146522972
317962141869
318033488133
317680486730
317966881750
318062280426
318052262658
298097536855
318159864858
318132988417
297705724366
317966881385
318293509880
318169274845
318067113879
318247184168
298146522922
298216679876
317894577680
298100637081
317154737929
317990996763
318130637973
298052645967
318366149842
298097536905
298108693201
298110285900
318064797071
318184278935
298118195996
298315591061
318403501017
317964823053
298115292940
297755542856
298312621490
318130637852
317993140849
298146523160
298074398632
298026297356
298110285754
317675125890
297863954814
317934847478
298367822936
297750203959
298026271058
317997482583
318194479700
297880339862
297921115946
318087460360
298097536909
318293515972
318366150991
318164618199
318082674007
318015179957
318155387946
298159158968
298216679800
318049695772
317971038958
298178818402
298312585150
298339710995
318191931697
298330636721
298094312110
317926654343
317982694371
298103821042
298221440682
298206929159
318123720979
298081039699
298290364609
318304157818
318115084984
298071366917
298356865220
318350745263
298068157683
318340455439
318174126246
318002451465
298143449546
318285047338
318087468711
317993141238
318340455738
298103821150
318357979386
317883039734
317997482788
318199649559
297755554429
318137170346
318031041971
318082697684
297705724488
318148554063
318040373166
317971038623
298094312962
298037540812
298228945138
317939097257
298172171883
298380593866
317775985849
298103821113
298380593854
298049492820
297950246597
298195718287
317971039409
297957875294
298100648513
318371557535
298143449580
318293438037
298356865117
298190960494
318293444856
297189651152
317671540994
318293516258
318366149932
318334877031
318376726897
298097537082
317736142999
317939097378
298254030988
298177290992
318366150976
318334876942
298249487967
317922767168
318398894124
317971051460
318384063965
298129352508
298250589258
298370884896
298292796239
297823734406
318293445189
317897427531
318340455802
298136420134
298380593965
318403500630
298100637648
318304158028
318062280355
317971038577
298166089355
318189217222
298205202849
298258713444
318089921139
317985136048
298380594083
318132988672
318087459943
318174126569
318015180608
318334876651
318223311012
318159853229
298177296962
298258712875
317930510320
318094754791
317971050181
318293453669
298337166331
298260243339
318293437815
317975663306
298200520107
298228945119
298216679600
298223591445
298340823244
297530777772
298190949071
298097537241
298100648552
298100648210
318319256878
298221440600
318137170308
298339015298
298112139306
298208519672
298237163501
298318662262
318241997368
298138326111
298340822802
318388745059
298203606894
318293509943
318384063869
317982693342
317971039126
318104294870
297678788621
318376727046
298216687018
298223591171
318150973168
318155388197
318374166715
298187051517
318038059366
318293516055
318071573916
318052275175
298096044959
298360075982
317980275839
298197373155
298174022224
318002451757
298043473805
298216679770
298094312868
317980275495
317151334796
318004562824
298312554701
318293453438
318007554395
298100637596
298356836975
298100648183
298337166413
317966881671
298094312835
298152626768
298100637451
298169238478
317950582853
298097536838
318052263196
317994442334
298380593940
318110684464
318042575380
298318659051
298315590924
298123424569
317990996342
298288368116
318031041314
298297040957
297844329335
298026270424
318082683442
298152626780
318038059579
318073837778
318047177264
317513113438
298299799907
318130638001
298237156139
298159158797
318258706673
298081031228
318164617706
318121538327
318007554687
298084379829
298356837043
318067113273
318314329768
298254030763
317975663100
318258706608
318000044186
298190949081
298377537929
298155872990
298367822910
318334876622
318028533193
317482384142
298097537149
298155889467
298180495062
318020570863
318087469041
298146522930
318393733922
318071573970
298146523046
298162635317
318194479605
298216679727
298312621393
298208520048
298274216437
317966880839
318293515946
298312594584
318293393936
298105446871
298321813261
318293488354
317656851682
298250589179
318139245391
298370909621
298169239332
317872450280
317990997255
297923520353
298337174420
318366149952
317872530205
318293516012
318403500714
317962164334
318038059206
298363252026
318403501086
317962141481
298254031047
318293437595
298312585393
298194292325
298162635196
318293492236
318078129070
318371557766
318231440913
298329105927
298100648321
298105107390
318181663304
298380593990
298312576570
317520046692
298307862653
318087459707
318115084718
318194479574
318403500579
318293388385
318059809331
298100648369
318033486894
298219901068
318293453475
318204753609
298146522908
317985135734
317977336077
298353491764
298380593815
318371568931
318388745101
318293510326
317977335245
298132848963
318293437728
298206927780
318132988526
298312594007
298323185022
298185564422
317971051267
317971038981
318087468897
318403500655
298194291750
298312594078
318082683966
297951331524
318002452244
298233779770
318087459839
318366159550
298318660695
317883039922
298026228606
318293491301
318169274814
318334938451
318126017707
298141299100
298312590233
298363251794
298107044876
318020570451
298185564330
298121922933
318023200108
297656553704
298183979126
318355654257
318403500595
318293510225
318031040682
298190960313
317980275129
318293516384
318403501188
318057316285
318071573801
318223310947
298139906276
298380594192
317971038992
298356844854
298312554775
318403500459
298347158747
317982693074
318403500599
317501577206
317990996920
298269447501
317971039080
297970624166
318126016257
318360581202
298380594043
298356844894
318345178693
298084380415
298312594116
298187460272
298149575027
298139905944
318028627741
298097537184
298121923250
298187460297
318293438216
318038059650
318067113528
298380594170
298094312140
298094312262
317966881692
298141742143
318398941363
318174126275
318169274713
317962141218
298353491871
318324121011
318371557729
318176750692
298094312214
298183979105
318137170230
318183093127
318340455795
298356845049
318057315851
298094312875
318087459653
317962141735
318293509875
298100637614
318403500702
317879462454
318059808997
317962141990
298380594139
318155387903
298225228283
298258712902
298330636932
317962141773
298097536986
318287771330
317962162895
298152626822
298203606599
298148159704
318338683869
318304157645
298367822868
298141298940
318087468630
298197373186
318403500384
318350745289
298347158247
318403500963
317964823194
298110285794
298380593799
298139936133
298247188046
318049695969
298182098734
318067113730
298312577827
298187460076
298043474084
298125905713
298100637101
298120237487
318102081578
298318660791
298312585448
298113997784
298100648496
318371558314
298141741942
318042575695
318366159603
317990996386
298100648305
318293492370
318082673805
298159159038
298321813054
318038059870
318104294573
298377537570
318398940966
298139984208
318293516367
318293436995
318293453607
318164617708
298241993875
298353483328
318052262906
318064796963
318309490329
317872531136
318309490188
318023200021
318334876478
318082674339
298243681638
298263006429
298177303760
318067113905
317975662828
318368877136
318398940989
318301230905
298112139360
318062280317
318071573898
298240392796
317985136002
318115084629
298315591128
318360581298
318298603575
298110285826
318087460031
298149575059
318199648849
317962163008
318110684452
318067113609
318002451790
298312554858
318117079149
318087468899
318371558671
298026210248
318345865874
298260242762
318071573747
298312617900
317558694115
298118196081
318044947181
318401146668
318038059495
317964823072
298364806863
318298603502
317971038842
298356901422
318360581109
298312617853
298356844999
318015179719
298166089309
318293516398
318044947275
298131244196
318042575259
298312585162
318293510394
318293491927
298094326831
298315591005
318340455754
298380593911
318023200077
318340455543
318078129050
298155873377
317971038916
318398894643
317971039172
298206928041
318264566564
318340455893
298094312243
318015179837
298380593794
298312554753
298094312084
318371558303
298326046090
298380594114
318403500928
318398940890
318393733875
318102081469
318028544867
298380593739
298374127058
317971038809
298377537993
298155873519
298312554765
318087460050
298315591014
318012665425
298183979190
298103821079
298312554966
317973397977
318033486981
318071573749
317993141558
298363251760
317872539057
318293491984
298100637672
298110285749
298356844841
298344068367
298337174775
298243681688
298340822856
318087468721
298312585210
318164617582
298180500046
318042575734
298380593976
317971051186
318194479695
318403500382
298107044902
318398894609
318366150308
318038059258
317982692387
318082673866
318293437022
318360581138
298243681620
317962142015
318094755488
318345840855
298151178020
318293394122
298100637790
298108693152
318115084672
298337174424
317971050935
318067113282
298141741961
318388738978
298162634741
298180500125
298312618116
318360581393
298211828708
318002452567
298180500475
298152626985
318293488593
298103820965
318044947448
318311818518
317982693569
318293394002
317966881171
298195718071
298377562601
298026286075
318115084557
318293492916
318179335989
298377538008
318398894515
318376726905
298380593743
318393734272
317971051042
318301230664
298260242471
298347158337
298374127095
317962142415
318324120877
318028533543
318293437843
298377538142
317971051809
298312585412
318181663015
298100637560
318366159637
298094312372
298250589304
318293509816
298248794626
318398894557
318087469086
318040373414
298187460039
298356844805
298151178394
298248794699
298116355144
298169239535
317934847482
298363252067
318119304030
318403501099
298360075992
298318660646
318293444577
317960522304
318398894542
298312594263
297556289864
318363230092
298169238568
318355654181
298180500182
318293453508
298169228067
298321813226
298312617817
298103820989
298353492192
297915036447
318157702788
318139245835
317971050782
318052275479
317962141574
318108607569
298312617915
317971050003
298312590217
318186718403
318194479588
318388739367
318388739366
298237156151
298088008571
298233779147
298312593949
318293516239
318189217375
318366150909
318148554647
298139906419
318159865003
318176749332
298100648199
318082674253
318366150661
298113999013
298094312189
318293394061
318398894466
318366141763
317994442473
298248794729
318319256648
318293437805
317926639530
298377537948
298337166210
318174126490
298285190244
298380593975
318128407509
318334876648
298225229158
318384063754
298097536939
318078129654
298237163534
318360581263
298166089225
318062280331
298312621392
318087469013
317991008027
318184278651
318099589982
298261619924
318304157882
318002452525
298344080907
298312617828
318199649219
317971039278
298134710306
298312617923
318102081715
318033488322
318398941009
298254031008
298377537935
298125905764
298230594825
317971050765
298377562562
318133002869
318228743970
298227435578
318042575535
298100648469
318159864800
318393742772
318223310988
318388739123
298312590447
298312577232
298353491872
298230595483
298377537573
298312618014
318035895251
298337174415
298312554722
298247188269
318146218150
318150965228
318293393417
317939097293
298100636978
298263006403
298377537816
298245344962
318293485317
318398894436
317985136003
298263006401
298094326828
298123980567
298206927423
298123980150
298247188330
318174126685
318108607061
298370908462
298312594268
298201953208
298344080904
318184278696
298327567047
318204753422
318398940887
318212134355
318146217788
318104279357
298318661683
298321812827
318141490228
298339015212
298257257255
298250589248
318092326282
318176750097
318139245802
318139246221
318020570567
298250589184
318137170175
318194479756
298237163579
298169239550
318319256445
317875320792
318314329811
298146523010
318293388478
298377562440
298321813089
318343108462
318099589856
318186718409
298093368254
318119303849
298237163279
298250589323
298257257323
298162635075
298281945886
298121923110
318252740032
298185564506
298374126935
298377537887
318155387727
298203606707
318393734097
298356844958
317980275071
298113999069
298240392680
298327566852
298367822878
318384063994
298149575095
318326580714
318376726544
298272599214
298161076955
298347158384
318371558317
298185564534
318293445235
318000045503
318194479667
318393734048
298281945910
298241959528
298377562532
318204753478
318393733897
318189217313
298149574958
298356864877
298263006377
298245345103
317962141231
298312621408
318398894774
318293437793
298312575947
298190598277
298100637199
318146217780
298377537694
318388739155
298374126988
298100648664
298225228659
318194479929
318184278420
298123979790
318334876797
298235291311
298377537692
298312585589
318398894440
298227431107
298377537940
298227431084
318150972984
318350745301
298203606636
298250589280
318398893999
298310959769
318398940698
318207054944
298312585184
298219901153
318123720778
298094312187
298261619928
298243681670
318398894019
298094312296
298240392768
298377537758
318141490168
298203606895
298241983025
318366158987
298197373431
318210464797
298358377522
318194479865
298206927621
318164617753
298337166234
298216679702
318033487536
298103821187
298159158891
318174126379
298283547502
318162295763
317997483142
298367822894
318368877124
298312585265
318155388132
318212134015
318176750436
318189217227
318345866079
318119297477
298370884801
298254030595
298358377520
298197373319
318087468975
298141741896
298237156120
298324653546
318306826698
318388739029
318092326200
298197373229
318293453660
298361532462
318082683758
298254039458
298257257042
298297041126
298363251849
318376726800
298257257237
298374127057
318096544664
318293516390
298225228394
298227435488
318204753471
318393734002
318150965319
298370884847
318293393652
298180500473
298254030592
298312593933
318184278441
318184278876
298121923013
318067113344
318049695797
298219901151
317962163737
298164575201
298377537898
318376726952
318293509890
298374127170
318371547145
318075931130
298350293378
298374127277
318398894404
298324653628
318368877335
298290363862
298227435566
317973398258
298213624620
298210211932
318202286318
318388745202
298374127316
318171665362
298363251422
318293393961
298267586043
298250589364
298312593934
318398941020
318159853623
298247188321
318393733992
318398894131
318005140370
318033488091
298245345261
318033487608
298321813384
298134710501
298312618082
318159865167
298360075933
318102082421
298139906054
318379239634
298337166318
298250589205
298367822902
298254031015
318189217037
318204753333
298190949316
298245344961
318150972925
298260242592
298225228597
318398894127
298227435397
298312585545
318128407434
298241939644
318293516353
318384063801
298297040889
298312593961
318174126193
298260242797
298177296750
298100648350
318102081472
318285047196
298312585175
318368877316
298233782995
298290364178
298312585284
298370884951
318355654224
298377562088
318337649275
298213635334
318062280458
318304158018
298263006418
318199650325
298190960179
298143449314
298205202837
298361532496
298363251428
317964823399
298107044929
298247188134
318033488363
318393734410
298206927850
318398941059
318293487820
318293509723
318108607221
318194479545
298337166391
317985136053
318379239449
298121923136
318371558210
318293516411
298216679580
318398940891
298155873001
298312618044
318398941073
298312590398
318067113337
298360070564
318153213850
318033488443
298250589273
318155387988
318044947332
318157702600
318028589339
318371547057
298243681505
298225228069
298190949292
318388744790
298216679841
298233783062
318164617575
298263006248
318094754728
298151178271
298167816681
298363251581
318345841013
298360075928
318012665661
298360076115
298203602676
318293516112
298190598397
298358377745
298132848642
298197373205
318194479573
298344081095
318384063707
317971038777
318368877150
298097536988
318334888908
298312617796
318371557625
298339015149
318334889474
318388739145
318371558181
298213635336
298360075973
298190960432
318082674338
318298603608
298130080341
298100648714
318210464320
318150972874
318393734273
318371557881
298227435748
298312621497
298360085253
298200520213
298240392716
298177290981
298221440619
298364806934
298321803825
298120237860
318334876804
298180494508
298205202922
298145108986
298180494902
318139245427
318012665623
298146522954
298132848448
317962142193
318293509739
318270201533
318393734099
318012665544
298096044904
318393733979
318368876979
318366141264
298374127107
298370909533
298374127151
298174021967
298312554927
298356864878
317962141435
298370884873
298312594371
298370884944
298272599604
318340455580
318096545184
318106576848
298183979249
318293516207
298363251480
298183979259
318094755348
298205202949
318334876520
298250589367
298363251518
318293444654
317997483115
318181676653
318398894066
318133002915
298363251421
298356865262
298203606817
317966881447
318108607655
298254030664
318393733805
298374127326
318062280382
318393734291
318042575441
298312621505
318384063769
318052262791
318159853008
317971050981
298370909531
318360581325
298230594811
318293515792
318096544974
298321813072
318134974388
318042575351
298218175502
318119297120
298180495180
298203606903
298374127323
298312594099
318119303816
318049695834
298243681625
318186719003
318049695877
298353492309
298370908466
318376726597
318398894256
298318662011
318298603689
318368877185
318363230046
318293510218
298356884834
318124495626
298180495329
318360581294
298360075995
298312594742
318374166773
298364806913
318134974022
298203602684
318366158994
298100648625
298318660519
318171665518
318366149787
298203602622
318155387739
298139956893
298312594334
318189217164
298118195762
298121922996
298180500493
318184278883
298312590416
318184278830
298377537839
298227435552
318314329963
298162634936
298315591085
298370908570
298187460046
298097536949
298312548643
298358376904
298237156094
318194479943
318384064187
298312621469
318031042603
298363252148
318345865751
298211828680
298337174352
318106576691
298185564599
318293491683
318293485814
317975663142
318371558347
318388739085
318092326277
298337166244
317966881260
318264566520
298363252137
317964822897
317971038735
298356865273
318293388414
317994443798
318388744843
298097536837
298100637699
318293437533
298194291729
298129352472
298356884824
298207453881
318057316214
298370908785
318171664672
318329160350
318384063888
298203606779
298312594237
318366159083
318293453464
318388739137
318388739309
298100648550
298312554817
318028533644
298367822784
318285047357
298312578136
317962141957
318363230483
318115084595
318334876982
318115084563
298318660778
318139245608
318376726933
298321813317
298318660423
318334876641
298143449806
298312594424
318141490146
298377537717
318028534007
318033487201
298215028715
318355654105
298096044981
318376726986
298113997391
298356884823
318355654300
298358377177
298364806891
298370884971
298356837109
298190949211
298252170591
318099590297
298360076161
318106576524
318119297769
298312594038
298312617911
298370908454
298312594635
298358377552
298228945190
318384064058
298360076023
318287770892
318293393460
298370884903
318393734054
298356844652
318366150211
318384064016
298312594261
298189168371
317968945152
298312617880
298218175601
298374127173
318388739217
298337166196
318393734137
298141742326
298356864847
318334889473
298312548446
298206928146
298218175713
318304157601
298312621671
318334889077
298360085451
298321813095
318393734162
298192551635
298094313398
318376726975
298291327532
318366141519
318293453768
298321813167
298200520108
298312594086
298314032699
318040373455
318028533657
298356865208
317971052354
318052262991
298312585538
298363251385
318345865882
298312621517
298185564512
298344080809
317730630878
298356836963
317980275518
318366150746
298324653673
298353492103
318371558331
298355000413
318366149865
317966881822
318388739009
318366149826
298356845050
298185564364
298374127264
298310966611
298370884935
298356844796
318388744991
298356865152
318388745306
298143449833
298094313179
